720 50
0 -2 1 1
-1 0 1 0
1 2 1 2
100 -27 501 -135
100 -27 501 -135
0 -2 1 1
-1 0 1 0
1 2 1 2
100 -27 501 -135
100 -27 501 -135
0 -2 1 1
-1 0 1 0
1 2 1 2
100 -27 501 -135
100 -27 501 -135
0 -2 1 1
-1 0 1 0
1 2 1 2
100 -27 501 -135
100 -27 501 -135
0 -2 1 1
-1 0 1 0
1 2 1 2
100 -27 501 -135
100 -27 501 -135
0 -2 1 1
-1 0 1 0
1 2 1 2
100 -27 501 -135
100 -27 501 -135
0 -2 1 1
-1 0 1 0
1 2 1 2
100 -27 501 -135
100 -27 501 -135
0 -2 1 1
-1 0 1 0
1 2 1 2
100 -27 501 -135
100 -27 501 -135
0 -2 1 1
-1 0 1 0
1 2 1 2
100 -27 501 -135
100 -27 501 -135
0 -2 1 1
-1 0 1 0
1 2 1 2
100 -27 501 -135
100 -27 501 -135
